



        # ab
        # 00 01 02 | 10 11 12 | 20 21 22 |
        # 03 04 05 | 13 14 15 | 23 24 25 |
        # 06 07 08 | 16 17 18 | 26 27 28 |
        # --------------------------------
        # 30 31 32 | 40 41 42 | 50 51 52 |
        # 33 34 35 | 43 44 45 | 53 54 55 |
        # 36 37 38 | 46 47 48 | 56 57 58 |
        # --------------------------------
        # 60 61 62 | 70 71 72 | 80 81 82 |
        # 63 64 65 | 73 74 75 | 83 84 85 |
        # 66 67 68 | 76 77 78 | 86 87 88 |

        Board 1
        6, 0, 0, 0, 1, 2, 0, 0, 7,
        0, 0, 8, 0, 0, 0, 6, 0, 1,
        5, 1, 7, 0, 0, 0, 8, 2, 4,
        5, 0, 0, 2, 6, 0, 0, 0, 3,
        9, 2, 0, 0, 0, 3, 0, 0, 5,
        6, 0, 3, 0, 4, 0, 2, 0, 0,
        1, 0, 0, 9, 0, 6, 0, 2, 0,
        4, 8, 0, 0, 5, 0, 0, 1, 0,
        7, 6, 2, 3, 0, 0, 0, 5, 0

        board 1 ANSWER
        6,9,4,8,1,2,3,5,7,2,3,8,5,4,7,6,9,1,5,1,7,9,3,6,8,2,4,5,8,1,2,6,9,4,7,3,9,2,4,8,7,3,1,6,5,6,7,3,1,4,5,2,9,8,1,3,5,9,4,6,7,2,8,4,8,9,7,5,2,3,1,6,7,6,2,3,8,1,4,5,9

        6 9 4 | 2 3 8 | 5 1 7
        8 1 2 | 5 4 7 | 9 3 6
        3 5 7 | 6 9 1 | 8 2 4
        ---------------------
        5 8 1 | 9 2 4 | 6 7 3
        2 6 9 | 8 7 3 | 1 4 5
        4 7 3 | 1 6 5 | 2 9 8
        ---------------------
        1 3 5 | 4 8 9 | 7 6 2
        9 4 6 | 7 5 2 | 3 8 1
        7 2 8 | 3 1 6 | 4 5 9

